15095020
15095021
15095022
15095023
15095024
15095025
15095026
15095027
15095028
15096025
15096026
15096027
15096028
15096029
15096030
15096031
15096032
15097008
15097009
15097010
15097011
15097012
15097013
15097034
15097039
15097040
15097041
15097042
15097043
15097044
15097046
15097049
15097050
15097051
15097054
15097055
15097056
15097057
15097059
15097062
15097063
15097064
15097065
15098001
15098002
15098003
15098029
15098035
15097061
15098036
15098037
15098038
15098039
15098042
15100031
15100032
15100033
15100035
15100036
15100037
15100038
15100039
15098005
15097006
15097007
15100100
15100101
15100102
15100103
15101014
15101015
15101016
15101017
15101018
15101019
15101020
15101021
15101022
15101023
15102019
15102020
15102021
15102022
15102023
15102026
15102056
15102057
15102058
15102059
15102060
15103024
15103025
15100040
15103027
15103028
15103029
15103030
15103031
15103060
15103062
15104017
15104019
15104020
15104021
15104016
15104022
15104023
15104024
15104066
15104067
15104068
15104069
15103026
15104070
15105001
15105002
15105003
15105004
15105005
15105006
15105008
15105023
15105024
15105025
15105026
15105028
15105029
15105030
15105031
15105032
15105068
15105070
15105071
15105033
15105072
15105073
15106001
15106002
15106005
15106008
15106009
15106010
15106011
15108020
15102024
15126021
15141009
15094070
15094071
15094073
15095016
15095017
15095018
15095019
15095046
15095048
15095049
15095050
15095051
15095052
15096018
15096019
15096020
15096021
15096022
15096023
15096024
15096050
15096059
15097005
15097023
15097024
15097025
15097026
15097027
15097028
15097029
15097030
15097032
15098020
15098021
15098022
15098024
15098028
15098075
15098076
15099002
15100026
15100029
15100030
15101009
15101010
15101011
15101012
15101013
15101051
15102014
15102015
15102016
15102017
15102018
15102042
15102043
15102044
15102046
15102047
15102050
15102053
15103019
15103020
15103021
15103022
15103023
15103055
15103056
15103057
15103058
15103059
15104012
15104013
15104014
15104015
15104060
15104062
15104063
15104064
15104065
15105019
15105020
15105021
15105063
15105065
15105067
15095047
15098077
15105064
15159046
15159049
15159051
15165033
15118063
15144004
15145012
15151004
15151005
15157048
15099001
15102041
15159054
15164034
